0 1 61
0 2 49
0 3 30
0 4 48
0 5 16
0 6 54
0 7 92
0 8 62
0 9 20
0 10 55
0 11 78
0 12 78
0 13 74
0 14 63
0 15 96
0 16 45
0 17 85
0 18 76
0 19 42
0 20 21
0 21 44
0 22 89
0 23 25
0 24 48
0 25 53
0 26 61
0 27 4
0 28 83
0 29 93
0 30 24
0 31 46
0 32 46
0 33 38
0 34 88
0 35 3
0 36 63
0 37 26
0 38 54
0 39 39
0 40 36
0 41 61
0 42 76
0 43 56
0 44 31
0 45 99
0 46 92
0 47 75
0 48 37
0 49 13
0 50 63
0 51 20
0 52 78
0 53 17
0 54 47
0 55 8
0 56 17
0 57 9
0 58 38
0 59 44
0 60 48
0 61 88
0 62 89
0 63 6
0 64 59
0 65 9
0 66 18
0 67 52
0 68 19
0 69 59
0 70 19
0 71 39
0 72 73
0 73 58
0 74 52
0 75 27
0 76 81
0 77 98
0 78 63
0 79 36
0 80 21
0 81 68
0 82 74
0 83 18
0 84 70
0 85 6
0 86 53
0 87 90
0 88 44
0 89 2
0 90 42
0 91 24
0 92 81
0 93 69
0 94 15
0 95 17
0 96 24
0 97 58
0 98 23
0 99 6
1 2 72
1 3 37
1 4 66
1 5 20
1 6 54
1 7 68
1 8 68
1 9 32
1 10 98
1 11 89
1 12 64
1 13 31
1 14 26
1 15 99
1 16 22
1 17 98
1 18 58
1 19 87
1 20 42
1 21 91
1 22 52
1 23 72
1 24 35
1 25 31
1 26 66
1 27 87
1 28 5
1 29 85
1 30 63
1 31 93
1 32 51
1 33 29
1 34 54
1 35 50
1 36 46
1 37 42
1 38 11
1 39 26
1 40 63
1 41 95
1 42 60
1 43 18
1 44 12
1 45 72
1 46 24
1 47 78
1 48 79
1 49 17
1 50 72
1 51 36
1 52 42
1 53 87
1 54 94
1 55 14
1 56 58
1 57 59
1 58 79
1 59 17
1 60 59
1 61 41
1 62 76
1 63 56
1 64 46
1 65 9
1 66 30
1 67 16
1 68 76
1 69 34
1 70 91
1 71 42
1 72 7
1 73 99
1 74 33
1 75 79
1 76 42
1 77 68
1 78 30
1 79 40
1 80 92
1 81 3
1 82 82
1 83 78
1 84 82
1 85 79
1 86 2
1 87 85
1 88 64
1 89 90
1 90 13
1 91 61
1 92 74
1 93 73
1 94 16
1 95 14
1 96 92
1 97 54
1 98 3
1 99 81
2 3 35
2 4 35
2 5 79
2 6 16
2 7 83
2 8 70
2 9 49
2 10 39
2 11 91
2 12 61
2 13 17
2 14 74
2 15 63
2 16 55
2 17 95
2 18 63
2 19 29
2 20 90
2 21 23
2 22 60
2 23 75
2 24 76
2 25 91
2 26 94
2 27 61
2 28 18
2 29 51
2 30 33
2 31 73
2 32 71
2 33 44
2 34 15
2 35 3
2 36 1
2 37 27
2 38 53
2 39 46
2 40 6
2 41 14
2 42 94
2 43 49
2 44 78
2 45 21
2 46 47
2 47 3
2 48 86
2 49 27
2 50 20
2 51 44
2 52 73
2 53 58
2 54 51
2 55 36
2 56 95
2 57 17
2 58 95
2 59 49
2 60 70
2 61 89
2 62 29
2 63 36
2 64 97
2 65 27
2 66 48
2 67 25
2 68 25
2 69 90
2 70 44
2 71 54
2 72 24
2 73 93
2 74 87
2 75 75
2 76 56
2 77 45
2 78 96
2 79 47
2 80 72
2 81 58
2 82 85
2 83 38
2 84 78
2 85 35
2 86 80
2 87 83
2 88 1
2 89 59
2 90 6
2 91 53
2 92 12
2 93 81
2 94 87
2 95 39
2 96 20
2 97 52
2 98 27
2 99 93
3 4 86
3 5 65
3 6 18
3 7 17
3 8 24
3 9 63
3 10 16
3 11 63
3 12 9
3 13 42
3 14 52
3 15 37
3 16 13
3 17 4
3 18 54
3 19 19
3 20 71
3 21 89
3 22 100
3 23 19
3 24 12
3 25 61
3 26 30
3 27 58
3 28 37
3 29 16
3 30 18
3 31 76
3 32 96
3 33 37
3 34 87
3 35 25
3 36 72
3 37 36
3 38 11
3 39 52
3 40 41
3 41 75
3 42 28
3 43 21
3 44 64
3 45 28
3 46 68
3 47 27
3 48 53
3 49 85
3 50 19
3 51 80
3 52 24
3 53 69
3 54 22
3 55 42
3 56 81
3 57 87
3 58 55
3 59 94
3 60 23
3 61 57
3 62 99
3 63 68
3 64 8
3 65 35
3 66 50
3 67 63
3 68 63
3 69 78
3 70 94
3 71 39
3 72 13
3 73 60
3 74 71
3 75 77
3 76 81
3 77 94
3 78 55
3 79 70
3 80 99
3 81 98
3 82 33
3 83 77
3 84 99
3 85 50
3 86 7
3 87 27
3 88 15
3 89 17
3 90 21
3 91 24
3 92 97
3 93 29
3 94 22
3 95 56
3 96 62
3 97 63
3 98 7
3 99 99
4 5 12
4 6 16
4 7 87
4 8 63
4 9 30
4 10 88
4 11 89
4 12 12
4 13 41
4 14 1
4 15 54
4 16 23
4 17 48
4 18 90
4 19 78
4 20 56
4 21 18
4 22 78
4 23 50
4 24 29
4 25 69
4 26 100
4 27 100
4 28 41
4 29 23
4 30 72
4 31 78
4 32 62
4 33 52
4 34 32
4 35 2
4 36 84
4 37 62
4 38 78
4 39 23
4 40 42
4 41 5
4 42 59
4 43 54
4 44 90
4 45 79
4 46 57
4 47 8
4 48 76
4 49 24
4 50 36
4 51 3
4 52 7
4 53 4
4 54 71
4 55 33
4 56 82
4 57 30
4 58 11
4 59 40
4 60 67
4 61 5
4 62 66
4 63 100
4 64 75
4 65 31
4 66 18
4 67 43
4 68 14
4 69 13
4 70 23
4 71 90
4 72 80
4 73 73
4 74 47
4 75 58
4 76 61
4 77 79
4 78 85
4 79 46
4 80 30
4 81 71
4 82 18
4 83 41
4 84 82
4 85 25
4 86 97
4 87 8
4 88 8
4 89 3
4 90 34
4 91 65
4 92 58
4 93 8
4 94 26
4 95 59
4 96 87
4 97 14
4 98 21
4 99 65
5 6 2
5 7 57
5 8 68
5 9 27
5 10 31
5 11 8
5 12 2
5 13 81
5 14 76
5 15 5
5 16 30
5 17 95
5 18 73
5 19 53
5 20 56
5 21 90
5 22 20
5 23 54
5 24 21
5 25 72
5 26 76
5 27 20
5 28 81
5 29 15
5 30 65
5 31 39
5 32 97
5 33 84
5 34 38
5 35 43
5 36 57
5 37 70
5 38 11
5 39 71
5 40 8
5 41 7
5 42 26
5 43 24
5 44 78
5 45 79
5 46 40
5 47 18
5 48 52
5 49 56
5 50 40
5 51 45
5 52 44
5 53 47
5 54 9
5 55 34
5 56 55
5 57 8
5 58 46
5 59 32
5 60 88
5 61 82
5 62 12
5 63 55
5 64 82
5 65 30
5 66 91
5 67 76
5 68 11
5 69 65
5 70 37
5 71 46
5 72 5
5 73 69
5 74 41
5 75 98
5 76 73
5 77 44
5 78 55
5 79 45
5 80 46
5 81 25
5 82 65
5 83 16
5 84 39
5 85 89
5 86 46
5 87 57
5 88 95
5 89 13
5 90 23
5 91 9
5 92 60
5 93 6
5 94 52
5 95 18
5 96 38
5 97 61
5 98 68
5 99 34
6 7 1
6 8 34
6 9 17
6 10 35
6 11 84
6 12 82
6 13 11
6 14 70
6 15 54
6 16 76
6 17 57
6 18 66
6 19 69
6 20 13
6 21 31
6 22 78
6 23 94
6 24 54
6 25 70
6 26 92
6 27 16
6 28 59
6 29 65
6 30 9
6 31 79
6 32 79
6 33 72
6 34 94
6 35 57
6 36 11
6 37 28
6 38 84
6 39 57
6 40 1
6 41 47
6 42 64
6 43 76
6 44 13
6 45 37
6 46 55
6 47 37
6 48 87
6 49 52
6 50 90
6 51 84
6 52 4
6 53 21
6 54 66
6 55 60
6 56 32
6 57 18
6 58 37
6 59 87
6 60 69
6 61 20
6 62 97
6 63 67
6 64 9
6 65 64
6 66 38
6 67 50
6 68 14
6 69 86
6 70 80
6 71 74
6 72 34
6 73 53
6 74 83
6 75 19
6 76 23
6 77 84
6 78 7
6 79 66
6 80 21
6 81 51
6 82 36
6 83 1
6 84 83
6 85 85
6 86 70
6 87 69
6 88 53
6 89 81
6 90 74
6 91 7
6 92 43
6 93 82
6 94 89
6 95 19
6 96 36
6 97 17
6 98 59
6 99 46
7 8 2
7 9 80
7 10 12
7 11 68
7 12 85
7 13 82
7 14 71
7 15 18
7 16 27
7 17 82
7 18 32
7 19 66
7 20 90
7 21 67
7 22 80
7 23 1
7 24 46
7 25 25
7 26 72
7 27 45
7 28 67
7 29 99
7 30 79
7 31 54
7 32 3
7 33 46
7 34 48
7 35 71
7 36 68
7 37 83
7 38 8
7 39 9
7 40 60
7 41 8
7 42 5
7 43 7
7 44 26
7 45 67
7 46 77
7 47 12
7 48 66
7 49 16
7 50 87
7 51 80
7 52 87
7 53 10
7 54 34
7 55 59
7 56 4
7 57 78
7 58 85
7 59 88
7 60 96
7 61 5
7 62 46
7 63 1
7 64 10
7 65 31
7 66 59
7 67 7
7 68 58
7 69 64
7 70 65
7 71 90
7 72 87
7 73 67
7 74 11
7 75 47
7 76 10
7 77 78
7 78 12
7 79 91
7 80 55
7 81 14
7 82 7
7 83 7
7 84 62
7 85 72
7 86 7
7 87 77
7 88 14
7 89 44
7 90 57
7 91 95
7 92 26
7 93 38
7 94 77
7 95 67
7 96 86
7 97 47
7 98 39
7 99 95
8 9 4
8 10 79
8 11 58
8 12 94
8 13 28
8 14 77
8 15 22
8 16 49
8 17 91
8 18 2
8 19 4
8 20 64
8 21 99
8 22 72
8 23 6
8 24 33
8 25 84
8 26 32
8 27 78
8 28 88
8 29 67
8 30 71
8 31 19
8 32 92
8 33 48
8 34 34
8 35 15
8 36 10
8 37 83
8 38 32
8 39 97
8 40 12
8 41 47
8 42 97
8 43 84
8 44 81
8 45 7
8 46 46
8 47 13
8 48 83
8 49 62
8 50 48
8 51 69
8 52 58
8 53 58
8 54 90
8 55 94
8 56 73
8 57 53
8 58 14
8 59 23
8 60 68
8 61 68
8 62 43
8 63 65
8 64 17
8 65 97
8 66 22
8 67 57
8 68 3
8 69 8
8 70 92
8 71 68
8 72 52
8 73 91
8 74 92
8 75 10
8 76 82
8 77 79
8 78 62
8 79 50
8 80 39
8 81 55
8 82 79
8 83 60
8 84 83
8 85 7
8 86 32
8 87 80
8 88 20
8 89 46
8 90 62
8 91 55
8 92 100
8 93 76
8 94 60
8 95 97
8 96 9
8 97 23
8 98 34
8 99 6
9 10 37
9 11 22
9 12 41
9 13 43
9 14 53
9 15 57
9 16 27
9 17 20
9 18 46
9 19 36
9 20 93
9 21 59
9 22 4
9 23 58
9 24 36
9 25 91
9 26 40
9 27 42
9 28 45
9 29 100
9 30 100
9 31 81
9 32 74
9 33 81
9 34 73
9 35 24
9 36 82
9 37 24
9 38 80
9 39 17
9 40 1
9 41 50
9 42 69
9 43 100
9 44 4
9 45 81
9 46 90
9 47 23
9 48 55
9 49 2
9 50 57
9 51 87
9 52 51
9 53 76
9 54 98
9 55 88
9 56 26
9 57 73
9 58 12
9 59 20
9 60 71
9 61 61
9 62 6
9 63 44
9 64 39
9 65 65
9 66 18
9 67 63
9 68 53
9 69 73
9 70 30
9 71 23
9 72 39
9 73 89
9 74 59
9 75 59
9 76 85
9 77 67
9 78 59
9 79 47
9 80 47
9 81 33
9 82 30
9 83 32
9 84 23
9 85 59
9 86 98
9 87 39
9 88 41
9 89 35
9 90 72
9 91 89
9 92 49
9 93 73
9 94 3
9 95 53
9 96 99
9 97 51
9 98 72
9 99 74
10 11 8
10 12 94
10 13 64
10 14 97
10 15 76
10 16 31
10 17 10
10 18 23
10 19 76
10 20 100
10 21 93
10 22 15
10 23 88
10 24 36
10 25 78
10 26 6
10 27 67
10 28 66
10 29 30
10 30 40
10 31 78
10 32 51
10 33 84
10 34 28
10 35 14
10 36 86
10 37 42
10 38 25
10 39 53
10 40 16
10 41 47
10 42 68
10 43 45
10 44 93
10 45 56
10 46 2
10 47 25
10 48 37
10 49 44
10 50 46
10 51 93
10 52 22
10 53 62
10 54 41
10 55 5
10 56 3
10 57 5
10 58 37
10 59 5
10 60 62
10 61 44
10 62 28
10 63 48
10 64 64
10 65 27
10 66 10
10 67 43
10 68 33
10 69 11
10 70 77
10 71 90
10 72 99
10 73 62
10 74 30
10 75 74
10 76 91
10 77 84
10 78 72
10 79 94
10 80 82
10 81 22
10 82 11
10 83 88
10 84 31
10 85 52
10 86 27
10 87 2
10 88 31
10 89 70
10 90 15
10 91 54
10 92 35
10 93 31
10 94 25
10 95 4
10 96 90
10 97 11
10 98 62
10 99 92
11 12 70
11 13 6
11 14 31
11 15 65
11 16 76
11 17 90
11 18 80
11 19 13
11 20 28
11 21 43
11 22 66
11 23 90
11 24 79
11 25 7
11 26 48
11 27 60
11 28 44
11 29 41
11 30 23
11 31 40
11 32 79
11 33 82
11 34 9
11 35 55
11 36 37
11 37 62
11 38 100
11 39 17
11 40 54
11 41 1
11 42 85
11 43 81
11 44 44
11 45 52
11 46 13
11 47 2
11 48 31
11 49 15
11 50 60
11 51 64
11 52 27
11 53 33
11 54 32
11 55 57
11 56 3
11 57 25
11 58 93
11 59 39
11 60 73
11 61 91
11 62 59
11 63 18
11 64 87
11 65 13
11 66 62
11 67 62
11 68 91
11 69 11
11 70 78
11 71 11
11 72 34
11 73 56
11 74 34
11 75 23
11 76 68
11 77 35
11 78 98
11 79 94
11 80 97
11 81 45
11 82 89
11 83 72
11 84 14
11 85 78
11 86 70
11 87 31
11 88 78
11 89 12
11 90 71
11 91 43
11 92 18
11 93 89
11 94 21
11 95 93
11 96 59
11 97 38
11 98 87
11 99 64
12 13 15
12 14 10
12 15 69
12 16 47
12 17 81
12 18 10
12 19 18
12 20 87
12 21 71
12 22 5
12 23 45
12 24 17
12 25 33
12 26 47
12 27 5
12 28 69
12 29 47
12 30 70
12 31 44
12 32 97
12 33 32
12 34 58
12 35 58
12 36 90
12 37 78
12 38 60
12 39 95
12 40 4
12 41 20
12 42 54
12 43 35
12 44 97
12 45 75
12 46 45
12 47 59
12 48 5
12 49 68
12 50 67
12 51 32
12 52 84
12 53 66
12 54 4
12 55 92
12 56 61
12 57 56
12 58 37
12 59 57
12 60 3
12 61 47
12 62 97
12 63 50
12 64 71
12 65 53
12 66 93
12 67 85
12 68 62
12 69 59
12 70 30
12 71 15
12 72 47
12 73 77
12 74 60
12 75 51
12 76 37
12 77 43
12 78 58
12 79 26
12 80 91
12 81 1
12 82 53
12 83 29
12 84 13
12 85 16
12 86 14
12 87 22
12 88 9
12 89 48
12 90 93
12 91 52
12 92 2
12 93 93
12 94 84
12 95 24
12 96 8
12 97 2
12 98 21
12 99 48
13 14 84
13 15 7
13 16 44
13 17 72
13 18 51
13 19 6
13 20 81
13 21 26
13 22 44
13 23 33
13 24 59
13 25 48
13 26 23
13 27 59
13 28 66
13 29 92
13 30 78
13 31 99
13 32 71
13 33 50
13 34 94
13 35 83
13 36 5
13 37 90
13 38 61
13 39 59
13 40 34
13 41 82
13 42 56
13 43 94
13 44 88
13 45 29
13 46 56
13 47 3
13 48 11
13 49 14
13 50 75
13 51 48
13 52 45
13 53 70
13 54 29
13 55 55
13 56 66
13 57 52
13 58 41
13 59 50
13 60 34
13 61 90
13 62 78
13 63 21
13 64 65
13 65 42
13 66 42
13 67 40
13 68 65
13 69 64
13 70 50
13 71 75
13 72 67
13 73 20
13 74 96
13 75 34
13 76 48
13 77 5
13 78 94
13 79 62
13 80 78
13 81 92
13 82 48
13 83 30
13 84 52
13 85 35
13 86 86
13 87 87
13 88 98
13 89 5
13 90 8
13 91 54
13 92 95
13 93 79
13 94 23
13 95 72
13 96 89
13 97 81
13 98 52
13 99 88
14 15 3
14 16 38
14 17 100
14 18 86
14 19 19
14 20 47
14 21 39
14 22 60
14 23 77
14 24 98
14 25 22
14 26 57
14 27 97
14 28 72
14 29 9
14 30 84
14 31 61
14 32 22
14 33 17
14 34 7
14 35 87
14 36 37
14 37 20
14 38 64
14 39 47
14 40 50
14 41 3
14 42 60
14 43 80
14 44 79
14 45 69
14 46 54
14 47 89
14 48 39
14 49 58
14 50 60
14 51 90
14 52 9
14 53 89
14 54 54
14 55 25
14 56 32
14 57 32
14 58 53
14 59 24
14 60 81
14 61 87
14 62 6
14 63 45
14 64 59
14 65 4
14 66 67
14 67 58
14 68 59
14 69 26
14 70 67
14 71 94
14 72 11
14 73 95
14 74 7
14 75 69
14 76 83
14 77 16
14 78 18
14 79 99
14 80 92
14 81 45
14 82 17
14 83 45
14 84 15
14 85 79
14 86 4
14 87 2
14 88 82
14 89 44
14 90 80
14 91 35
14 92 47
14 93 92
14 94 61
14 95 31
14 96 85
14 97 61
14 98 61
14 99 65
15 16 14
15 17 37
15 18 44
15 19 69
15 20 79
15 21 23
15 22 27
15 23 7
15 24 87
15 25 50
15 26 88
15 27 87
15 28 4
15 29 2
15 30 8
15 31 66
15 32 13
15 33 60
15 34 28
15 35 80
15 36 65
15 37 69
15 38 18
15 39 15
15 40 14
15 41 43
15 42 12
15 43 12
15 44 12
15 45 25
15 46 23
15 47 58
15 48 32
15 49 9
15 50 89
15 51 76
15 52 82
15 53 51
15 54 29
15 55 68
15 56 70
15 57 70
15 58 1
15 59 75
15 60 52
15 61 91
15 62 42
15 63 3
15 64 76
15 65 81
15 66 8
15 67 20
15 68 81
15 69 97
15 70 45
15 71 27
15 72 46
15 73 49
15 74 63
15 75 72
15 76 69
15 77 93
15 78 46
15 79 52
15 80 52
15 81 63
15 82 52
15 83 83
15 84 39
15 85 95
15 86 53
15 87 52
15 88 48
15 89 76
15 90 44
15 91 51
15 92 4
15 93 5
15 94 87
15 95 43
15 96 74
15 97 9
15 98 91
15 99 42
16 17 16
16 18 14
16 19 71
16 20 66
16 21 51
16 22 28
16 23 75
16 24 7
16 25 88
16 26 35
16 27 70
16 28 11
16 29 6
16 30 62
16 31 52
16 32 69
16 33 10
16 34 39
16 35 7
16 36 37
16 37 13
16 38 65
16 39 81
16 40 33
16 41 58
16 42 16
16 43 63
16 44 58
16 45 64
16 46 77
16 47 33
16 48 2
16 49 53
16 50 62
16 51 89
16 52 10
16 53 1
16 54 52
16 55 30
16 56 96
16 57 28
16 58 11
16 59 79
16 60 99
16 61 70
16 62 7
16 63 62
16 64 87
16 65 44
16 66 39
16 67 10
16 68 37
16 69 61
16 70 8
16 71 16
16 72 39
16 73 73
16 74 40
16 75 49
16 76 36
16 77 79
16 78 60
16 79 15
16 80 95
16 81 70
16 82 15
16 83 79
16 84 30
16 85 40
16 86 88
16 87 82
16 88 16
16 89 26
16 90 11
16 91 80
16 92 12
16 93 24
16 94 13
16 95 73
16 96 17
16 97 73
16 98 91
16 99 92
17 18 26
17 19 92
17 20 2
17 21 34
17 22 73
17 23 83
17 24 81
17 25 35
17 26 21
17 27 53
17 28 42
17 29 72
17 30 66
17 31 19
17 32 2
17 33 21
17 34 67
17 35 100
17 36 56
17 37 11
17 38 22
17 39 37
17 40 94
17 41 90
17 42 94
17 43 91
17 44 61
17 45 17
17 46 38
17 47 96
17 48 66
17 49 67
17 50 2
17 51 58
17 52 34
17 53 18
17 54 28
17 55 92
17 56 2
17 57 55
17 58 10
17 59 71
17 60 28
17 61 64
17 62 7
17 63 93
17 64 11
17 65 86
17 66 43
17 67 25
17 68 65
17 69 95
17 70 3
17 71 74
17 72 12
17 73 57
17 74 42
17 75 73
17 76 94
17 77 78
17 78 99
17 79 50
17 80 14
17 81 95
17 82 52
17 83 15
17 84 96
17 85 88
17 86 32
17 87 81
17 88 81
17 89 42
17 90 49
17 91 54
17 92 93
17 93 80
17 94 93
17 95 40
17 96 6
17 97 79
17 98 24
17 99 71
18 19 6
18 20 48
18 21 11
18 22 12
18 23 20
18 24 73
18 25 67
18 26 1
18 27 60
18 28 57
18 29 95
18 30 34
18 31 93
18 32 6
18 33 4
18 34 67
18 35 77
18 36 97
18 37 37
18 38 94
18 39 60
18 40 75
18 41 28
18 42 52
18 43 81
18 44 78
18 45 69
18 46 59
18 47 7
18 48 40
18 49 48
18 50 82
18 51 91
18 52 82
18 53 69
18 54 44
18 55 28
18 56 41
18 57 76
18 58 71
18 59 32
18 60 81
18 61 59
18 62 65
18 63 17
18 64 58
18 65 86
18 66 95
18 67 88
18 68 56
18 69 30
18 70 6
18 71 21
18 72 56
18 73 34
18 74 43
18 75 41
18 76 4
18 77 34
18 78 26
18 79 78
18 80 69
18 81 37
18 82 6
18 83 41
18 84 59
18 85 98
18 86 13
18 87 94
18 88 83
18 89 11
18 90 72
18 91 49
18 92 58
18 93 39
18 94 87
18 95 12
18 96 60
18 97 75
18 98 5
18 99 78
19 20 89
19 21 100
19 22 41
19 23 86
19 24 55
19 25 3
19 26 14
19 27 41
19 28 62
19 29 97
19 30 38
19 31 54
19 32 13
19 33 14
19 34 39
19 35 24
19 36 5
19 37 26
19 38 44
19 39 99
19 40 25
19 41 8
19 42 26
19 43 47
19 44 32
19 45 51
19 46 10
19 47 11
19 48 88
19 49 98
19 50 90
19 51 90
19 52 24
19 53 79
19 54 45
19 55 92
19 56 5
19 57 83
19 58 28
19 59 55
19 60 34
19 61 58
19 62 3
19 63 61
19 64 54
19 65 71
19 66 10
19 67 74
19 68 83
19 69 4
19 70 96
19 71 60
19 72 60
19 73 17
19 74 26
19 75 15
19 76 32
19 77 78
19 78 53
19 79 54
19 80 6
19 81 10
19 82 70
19 83 32
19 84 54
19 85 18
19 86 51
19 87 88
19 88 22
19 89 83
19 90 63
19 91 10
19 92 38
19 93 97
19 94 44
19 95 45
19 96 70
19 97 53
19 98 45
19 99 46
20 21 85
20 22 77
20 23 10
20 24 91
20 25 19
20 26 48
20 27 36
20 28 69
20 29 21
20 30 81
20 31 70
20 32 69
20 33 69
20 34 61
20 35 2
20 36 17
20 37 22
20 38 66
20 39 1
20 40 68
20 41 97
20 42 37
20 43 9
20 44 95
20 45 9
20 46 85
20 47 2
20 48 12
20 49 54
20 50 46
20 51 49
20 52 21
20 53 96
20 54 41
20 55 38
20 56 45
20 57 12
20 58 63
20 59 8
20 60 79
20 61 91
20 62 51
20 63 77
20 64 52
20 65 15
20 66 50
20 67 52
20 68 44
20 69 52
20 70 10
20 71 7
20 72 69
20 73 83
20 74 23
20 75 80
20 76 48
20 77 68
20 78 31
20 79 96
20 80 72
20 81 5
20 82 88
20 83 10
20 84 49
20 85 11
20 86 15
20 87 67
20 88 90
20 89 45
20 90 56
20 91 26
20 92 4
20 93 51
20 94 37
20 95 63
20 96 51
20 97 62
20 98 30
20 99 1
21 22 66
21 23 37
21 24 35
21 25 12
21 26 54
21 27 9
21 28 24
21 29 63
21 30 49
21 31 90
21 32 2
21 33 87
21 34 38
21 35 17
21 36 58
21 37 85
21 38 9
21 39 34
21 40 96
21 41 13
21 42 37
21 43 99
21 44 74
21 45 74
21 46 13
21 47 20
21 48 63
21 49 100
21 50 29
21 51 87
21 52 27
21 53 6
21 54 90
21 55 19
21 56 81
21 57 57
21 58 73
21 59 16
21 60 92
21 61 26
21 62 36
21 63 75
21 64 19
21 65 94
21 66 46
21 67 40
21 68 8
21 69 12
21 70 46
21 71 73
21 72 32
21 73 73
21 74 96
21 75 34
21 76 73
21 77 85
21 78 36
21 79 62
21 80 13
21 81 91
21 82 88
21 83 41
21 84 18
21 85 97
21 86 61
21 87 97
21 88 84
21 89 46
21 90 73
21 91 95
21 92 35
21 93 24
21 94 88
21 95 95
21 96 22
21 97 26
21 98 52
21 99 47
22 23 38
22 24 81
22 25 27
22 26 77
22 27 70
22 28 91
22 29 22
22 30 1
22 31 33
22 32 25
22 33 97
22 34 66
22 35 6
22 36 64
22 37 74
22 38 21
22 39 44
22 40 83
22 41 93
22 42 100
22 43 55
22 44 45
22 45 81
22 46 29
22 47 26
22 48 63
22 49 66
22 50 34
22 51 86
22 52 54
22 53 80
22 54 86
22 55 20
22 56 98
22 57 25
22 58 5
22 59 35
22 60 74
22 61 50
22 62 90
22 63 79
22 64 67
22 65 62
22 66 30
22 67 98
22 68 4
22 69 33
22 70 32
22 71 40
22 72 85
22 73 65
22 74 14
22 75 34
22 76 49
22 77 19
22 78 97
22 79 83
22 80 58
22 81 84
22 82 1
22 83 28
22 84 95
22 85 30
22 86 100
22 87 6
22 88 77
22 89 15
22 90 2
22 91 79
22 92 42
22 93 26
22 94 27
22 95 77
22 96 20
22 97 2
22 98 88
22 99 71
23 24 87
23 25 67
23 26 16
23 27 38
23 28 33
23 29 70
23 30 58
23 31 63
23 32 88
23 33 77
23 34 28
23 35 100
23 36 97
23 37 34
23 38 35
23 39 68
23 40 9
23 41 86
23 42 10
23 43 13
23 44 16
23 45 53
23 46 42
23 47 93
23 48 61
23 49 8
23 50 61
23 51 45
23 52 58
23 53 22
23 54 28
23 55 87
23 56 84
23 57 17
23 58 9
23 59 82
23 60 93
23 61 94
23 62 4
23 63 96
23 64 26
23 65 81
23 66 22
23 67 84
23 68 8
23 69 86
23 70 97
23 71 62
23 72 27
23 73 44
23 74 77
23 75 4
23 76 13
23 77 32
23 78 91
23 79 70
23 80 60
23 81 77
23 82 51
23 83 26
23 84 47
23 85 44
23 86 72
23 87 43
23 88 92
23 89 71
23 90 73
23 91 29
23 92 55
23 93 25
23 94 32
23 95 54
23 96 28
23 97 21
23 98 10
23 99 23
24 25 71
24 26 55
24 27 38
24 28 97
24 29 17
24 30 31
24 31 38
24 32 39
24 33 2
24 34 43
24 35 32
24 36 14
24 37 46
24 38 74
24 39 83
24 40 24
24 41 45
24 42 8
24 43 86
24 44 38
24 45 74
24 46 29
24 47 58
24 48 5
24 49 1
24 50 58
24 51 43
24 52 12
24 53 50
24 54 22
24 55 38
24 56 41
24 57 46
24 58 18
24 59 10
24 60 25
24 61 76
24 62 97
24 63 56
24 64 18
24 65 81
24 66 75
24 67 54
24 68 48
24 69 40
24 70 77
24 71 3
24 72 3
24 73 6
24 74 89
24 75 5
24 76 89
24 77 63
24 78 95
24 79 25
24 80 60
24 81 30
24 82 73
24 83 72
24 84 67
24 85 47
24 86 80
24 87 48
24 88 70
24 89 29
24 90 81
24 91 57
24 92 36
24 93 44
24 94 4
24 95 30
24 96 57
24 97 76
24 98 79
24 99 19
25 26 73
25 27 9
25 28 15
25 29 20
25 30 20
25 31 12
25 32 15
25 33 81
25 34 8
25 35 42
25 36 93
25 37 62
25 38 96
25 39 69
25 40 55
25 41 59
25 42 55
25 43 71
25 44 71
25 45 69
25 46 59
25 47 40
25 48 72
25 49 87
25 50 68
25 51 8
25 52 25
25 53 11
25 54 92
25 55 25
25 56 19
25 57 21
25 58 20
25 59 79
25 60 80
25 61 26
25 62 89
25 63 53
25 64 6
25 65 59
25 66 78
25 67 40
25 68 47
25 69 57
25 70 75
25 71 96
25 72 7
25 73 21
25 74 47
25 75 79
25 76 43
25 77 60
25 78 50
25 79 35
25 80 90
25 81 97
25 82 29
25 83 36
25 84 4
25 85 56
25 86 84
25 87 11
25 88 20
25 89 40
25 90 19
25 91 34
25 92 15
25 93 36
25 94 52
25 95 39
25 96 36
25 97 74
25 98 44
25 99 89
26 27 77
26 28 73
26 29 49
26 30 30
26 31 26
26 32 77
26 33 88
26 34 11
26 35 36
26 36 67
26 37 45
26 38 38
26 39 31
26 40 46
26 41 97
26 42 85
26 43 66
26 44 57
26 45 28
26 46 14
26 47 14
26 48 34
26 49 91
26 50 19
26 51 50
26 52 96
26 53 68
26 54 60
26 55 74
26 56 2
26 57 2
26 58 51
26 59 26
26 60 11
26 61 88
26 62 51
26 63 95
26 64 71
26 65 58
26 66 54
26 67 65
26 68 28
26 69 31
26 70 13
26 71 75
26 72 15
26 73 66
26 74 87
26 75 37
26 76 61
26 77 23
26 78 53
26 79 43
26 80 73
26 81 15
26 82 89
26 83 64
26 84 12
26 85 13
26 86 70
26 87 22
26 88 72
26 89 39
26 90 73
26 91 44
26 92 31
26 93 77
26 94 34
26 95 78
26 96 20
26 97 40
26 98 33
26 99 56
27 28 88
27 29 56
27 30 4
27 31 48
27 32 38
27 33 88
27 34 25
27 35 25
27 36 50
27 37 15
27 38 66
27 39 1
27 40 64
27 41 81
27 42 37
27 43 60
27 44 97
27 45 59
27 46 83
27 47 7
27 48 51
27 49 52
27 50 41
27 51 53
27 52 85
27 53 25
27 54 9
27 55 32
27 56 26
27 57 67
27 58 95
27 59 11
27 60 79
27 61 16
27 62 99
27 63 23
27 64 33
27 65 9
27 66 84
27 67 60
27 68 66
27 69 28
27 70 12
27 71 24
27 72 11
27 73 90
27 74 35
27 75 91
27 76 87
27 77 94
27 78 34
27 79 18
27 80 95
27 81 41
27 82 11
27 83 78
27 84 21
27 85 94
27 86 79
27 87 20
27 88 91
27 89 47
27 90 13
27 91 8
27 92 81
27 93 20
27 94 31
27 95 34
27 96 8
27 97 90
27 98 23
27 99 77
28 29 14
28 30 12
28 31 7
28 32 27
28 33 31
28 34 61
28 35 14
28 36 18
28 37 21
28 38 83
28 39 95
28 40 18
28 41 48
28 42 81
28 43 16
28 44 39
28 45 14
28 46 70
28 47 24
28 48 50
28 49 35
28 50 83
28 51 22
28 52 25
28 53 29
28 54 46
28 55 94
28 56 12
28 57 9
28 58 82
28 59 91
28 60 72
28 61 33
28 62 56
28 63 7
28 64 2
28 65 87
28 66 84
28 67 30
28 68 67
28 69 56
28 70 21
28 71 81
28 72 39
28 73 11
28 74 89
28 75 20
28 76 76
28 77 89
28 78 76
28 79 20
28 80 55
28 81 52
28 82 92
28 83 3
28 84 23
28 85 88
28 86 8
28 87 97
28 88 66
28 89 42
28 90 87
28 91 19
28 92 8
28 93 61
28 94 5
28 95 8
28 96 41
28 97 91
28 98 28
28 99 76
29 30 3
29 31 72
29 32 75
29 33 34
29 34 42
29 35 3
29 36 52
29 37 10
29 38 89
29 39 42
29 40 89
29 41 75
29 42 51
29 43 64
29 44 26
29 45 79
29 46 90
29 47 54
29 48 61
29 49 89
29 50 15
29 51 90
29 52 18
29 53 32
29 54 79
29 55 24
29 56 74
29 57 34
29 58 86
29 59 68
29 60 32
29 61 68
29 62 26
29 63 33
29 64 59
29 65 1
29 66 79
29 67 24
29 68 4
29 69 87
29 70 42
29 71 100
29 72 31
29 73 81
29 74 40
29 75 14
29 76 24
29 77 47
29 78 18
29 79 15
29 80 29
29 81 56
29 82 100
29 83 57
29 84 91
29 85 58
29 86 31
29 87 87
29 88 51
29 89 16
29 90 38
29 91 37
29 92 70
29 93 17
29 94 60
29 95 83
29 96 16
29 97 58
29 98 8
29 99 94
30 31 66
30 32 94
30 33 91
30 34 17
30 35 96
30 36 6
30 37 41
30 38 71
30 39 67
30 40 70
30 41 95
30 42 50
30 43 16
30 44 7
30 45 91
30 46 56
30 47 25
30 48 92
30 49 45
30 50 22
30 51 68
30 52 89
30 53 7
30 54 62
30 55 91
30 56 100
30 57 37
30 58 29
30 59 71
30 60 65
30 61 19
30 62 82
30 63 41
30 64 43
30 65 40
30 66 75
30 67 86
30 68 86
30 69 11
30 70 2
30 71 87
30 72 45
30 73 37
30 74 57
30 75 82
30 76 23
30 77 47
30 78 18
30 79 77
30 80 78
30 81 17
30 82 25
30 83 73
30 84 86
30 85 76
30 86 7
30 87 26
30 88 52
30 89 57
30 90 97
30 91 34
30 92 14
30 93 96
30 94 27
30 95 99
30 96 72
30 97 100
30 98 63
30 99 55
31 32 49
31 33 88
31 34 7
31 35 47
31 36 56
31 37 91
31 38 70
31 39 20
31 40 94
31 41 45
31 42 95
31 43 14
31 44 29
31 45 3
31 46 59
31 47 26
31 48 4
31 49 82
31 50 33
31 51 36
31 52 6
31 53 95
31 54 32
31 55 43
31 56 69
31 57 58
31 58 6
31 59 53
31 60 10
31 61 81
31 62 5
31 63 18
31 64 47
31 65 4
31 66 70
31 67 40
31 68 86
31 69 63
31 70 89
31 71 77
31 72 30
31 73 76
31 74 100
31 75 46
31 76 48
31 77 27
31 78 9
31 79 76
31 80 15
31 81 36
31 82 67
31 83 65
31 84 57
31 85 5
31 86 9
31 87 48
31 88 30
31 89 33
31 90 61
31 91 47
31 92 68
31 93 97
31 94 80
31 95 71
31 96 80
31 97 81
31 98 43
31 99 82
32 33 63
32 34 56
32 35 72
32 36 32
32 37 37
32 38 5
32 39 19
32 40 83
32 41 93
32 42 73
32 43 87
32 44 86
32 45 51
32 46 95
32 47 85
32 48 28
32 49 82
32 50 33
32 51 15
32 52 27
32 53 13
32 54 98
32 55 54
32 56 32
32 57 43
32 58 50
32 59 38
32 60 90
32 61 72
32 62 18
32 63 95
32 64 28
32 65 76
32 66 77
32 67 70
32 68 47
32 69 45
32 70 2
32 71 78
32 72 97
32 73 81
32 74 69
32 75 65
32 76 68
32 77 64
32 78 29
32 79 27
32 80 22
32 81 16
32 82 5
32 83 81
32 84 51
32 85 94
32 86 68
32 87 96
32 88 85
32 89 90
32 90 62
32 91 89
32 92 8
32 93 19
32 94 12
32 95 65
32 96 51
32 97 61
32 98 67
32 99 30
33 34 73
33 35 84
33 36 94
33 37 21
33 38 21
33 39 70
33 40 43
33 41 58
33 42 82
33 43 46
33 44 93
33 45 50
33 46 19
33 47 44
33 48 75
33 49 84
33 50 36
33 51 9
33 52 92
33 53 84
33 54 33
33 55 7
33 56 6
33 57 58
33 58 39
33 59 17
33 60 61
33 61 10
33 62 26
33 63 65
33 64 3
33 65 1
33 66 15
33 67 4
33 68 14
33 69 34
33 70 51
33 71 84
33 72 62
33 73 84
33 74 92
33 75 57
33 76 29
33 77 69
33 78 10
33 79 17
33 80 80
33 81 96
33 82 31
33 83 30
33 84 1
33 85 29
33 86 41
33 87 98
33 88 86
33 89 25
33 90 65
33 91 63
33 92 61
33 93 21
33 94 86
33 95 37
33 96 83
33 97 98
33 98 95
33 99 75
34 35 93
34 36 63
34 37 23
34 38 30
34 39 64
34 40 25
34 41 70
34 42 90
34 43 89
34 44 97
34 45 4
34 46 44
34 47 68
34 48 73
34 49 6
34 50 93
34 51 59
34 52 47
34 53 45
34 54 92
34 55 46
34 56 85
34 57 89
34 58 43
34 59 75
34 60 70
34 61 75
34 62 84
34 63 36
34 64 63
34 65 23
34 66 47
34 67 48
34 68 47
34 69 52
34 70 61
34 71 7
34 72 46
34 73 81
34 74 79
34 75 41
34 76 28
34 77 25
34 78 37
34 79 87
34 80 50
34 81 19
34 82 6
34 83 79
34 84 62
34 85 41
34 86 36
34 87 86
34 88 39
34 89 67
34 90 2
34 91 3
34 92 37
34 93 81
34 94 7
34 95 6
34 96 2
34 97 65
34 98 3
34 99 46
35 36 55
35 37 58
35 38 36
35 39 12
35 40 50
35 41 3
35 42 37
35 43 30
35 44 48
35 45 4
35 46 87
35 47 29
35 48 64
35 49 77
35 50 1
35 51 68
35 52 59
35 53 44
35 54 11
35 55 22
35 56 51
35 57 67
35 58 69
35 59 70
35 60 66
35 61 63
35 62 57
35 63 61
35 64 4
35 65 11
35 66 27
35 67 79
35 68 34
35 69 27
35 70 88
35 71 80
35 72 71
35 73 70
35 74 65
35 75 24
35 76 92
35 77 26
35 78 14
35 79 98
35 80 91
35 81 96
35 82 71
35 83 7
35 84 24
35 85 86
35 86 41
35 87 41
35 88 81
35 89 70
35 90 98
35 91 19
35 92 98
35 93 58
35 94 67
35 95 80
35 96 85
35 97 64
35 98 58
35 99 24
36 37 72
36 38 73
36 39 64
36 40 53
36 41 87
36 42 21
36 43 9
36 44 77
36 45 5
36 46 79
36 47 75
36 48 90
36 49 99
36 50 28
36 51 6
36 52 11
36 53 88
36 54 33
36 55 1
36 56 85
36 57 9
36 58 90
36 59 6
36 60 70
36 61 72
36 62 29
36 63 8
36 64 13
36 65 85
36 66 45
36 67 22
36 68 80
36 69 69
36 70 97
36 71 37
36 72 36
36 73 7
36 74 60
36 75 47
36 76 79
36 77 69
36 78 34
36 79 42
36 80 24
36 81 76
36 82 9
36 83 51
36 84 8
36 85 68
36 86 87
36 87 28
36 88 16
36 89 14
36 90 65
36 91 2
36 92 28
36 93 81
36 94 45
36 95 17
36 96 31
36 97 63
36 98 96
36 99 22
37 38 24
37 39 5
37 40 26
37 41 54
37 42 77
37 43 55
37 44 16
37 45 1
37 46 2
37 47 98
37 48 100
37 49 62
37 50 14
37 51 77
37 52 20
37 53 23
37 54 63
37 55 98
37 56 77
37 57 89
37 58 76
37 59 37
37 60 10
37 61 52
37 62 68
37 63 23
37 64 66
37 65 49
37 66 17
37 67 57
37 68 99
37 69 78
37 70 31
37 71 45
37 72 13
37 73 20
37 74 12
37 75 22
37 76 67
37 77 40
37 78 45
37 79 48
37 80 17
37 81 80
37 82 66
37 83 87
37 84 7
37 85 52
37 86 11
37 87 65
37 88 66
37 89 32
37 90 43
37 91 74
37 92 13
37 93 66
37 94 67
37 95 12
37 96 80
37 97 1
37 98 85
37 99 97
38 39 64
38 40 82
38 41 57
38 42 12
38 43 14
38 44 46
38 45 48
38 46 42
38 47 35
38 48 61
38 49 36
38 50 89
38 51 88
38 52 59
38 53 30
38 54 98
38 55 24
38 56 23
38 57 45
38 58 45
38 59 7
38 60 11
38 61 38
38 62 81
38 63 74
38 64 42
38 65 52
38 66 88
38 67 10
38 68 65
38 69 69
38 70 76
38 71 17
38 72 82
38 73 99
38 74 23
38 75 8
38 76 45
38 77 71
38 78 5
38 79 10
38 80 7
38 81 68
38 82 55
38 83 26
38 84 23
38 85 76
38 86 18
38 87 82
38 88 93
38 89 48
38 90 19
38 91 8
38 92 39
38 93 13
38 94 21
38 95 85
38 96 98
38 97 8
38 98 77
38 99 96
39 40 48
39 41 90
39 42 77
39 43 45
39 44 46
39 45 8
39 46 29
39 47 36
39 48 93
39 49 4
39 50 64
39 51 70
39 52 69
39 53 92
39 54 37
39 55 47
39 56 62
39 57 65
39 58 34
39 59 81
39 60 60
39 61 96
39 62 57
39 63 92
39 64 15
39 65 44
39 66 20
39 67 35
39 68 13
39 69 37
39 70 77
39 71 12
39 72 70
39 73 52
39 74 53
39 75 80
39 76 85
39 77 85
39 78 10
39 79 94
39 80 33
39 81 22
39 82 78
39 83 30
39 84 13
39 85 57
39 86 76
39 87 54
39 88 81
39 89 21
39 90 59
39 91 77
39 92 18
39 93 54
39 94 90
39 95 44
39 96 16
39 97 23
39 98 60
39 99 63
40 41 82
40 42 54
40 43 3
40 44 64
40 45 36
40 46 7
40 47 25
40 48 98
40 49 41
40 50 17
40 51 50
40 52 97
40 53 93
40 54 30
40 55 41
40 56 6
40 57 49
40 58 46
40 59 79
40 60 84
40 61 43
40 62 56
40 63 37
40 64 99
40 65 53
40 66 69
40 67 15
40 68 16
40 69 1
40 70 30
40 71 94
40 72 100
40 73 75
40 74 8
40 75 87
40 76 45
40 77 78
40 78 3
40 79 58
40 80 24
40 81 58
40 82 20
40 83 89
40 84 82
40 85 55
40 86 89
40 87 95
40 88 55
40 89 79
40 90 99
40 91 46
40 92 88
40 93 30
40 94 78
40 95 64
40 96 53
40 97 15
40 98 90
40 99 34
41 42 31
41 43 91
41 44 9
41 45 25
41 46 92
41 47 62
41 48 38
41 49 42
41 50 54
41 51 67
41 52 56
41 53 43
41 54 21
41 55 54
41 56 51
41 57 24
41 58 45
41 59 72
41 60 49
41 61 33
41 62 55
41 63 74
41 64 21
41 65 73
41 66 28
41 67 54
41 68 3
41 69 96
41 70 53
41 71 50
41 72 68
41 73 94
41 74 62
41 75 1
41 76 39
41 77 39
41 78 62
41 79 69
41 80 29
41 81 95
41 82 20
41 83 19
41 84 94
41 85 75
41 86 44
41 87 22
41 88 38
41 89 26
41 90 25
41 91 10
41 92 7
41 93 55
41 94 48
41 95 45
41 96 80
41 97 100
41 98 58
41 99 56
42 43 23
42 44 56
42 45 70
42 46 4
42 47 75
42 48 59
42 49 1
42 50 61
42 51 54
42 52 70
42 53 79
42 54 47
42 55 39
42 56 26
42 57 43
42 58 96
42 59 80
42 60 93
42 61 59
42 62 46
42 63 15
42 64 56
42 65 91
42 66 77
42 67 99
42 68 80
42 69 97
42 70 90
42 71 6
42 72 56
42 73 62
42 74 27
42 75 57
42 76 69
42 77 40
42 78 32
42 79 72
42 80 13
42 81 31
42 82 35
42 83 40
42 84 91
42 85 69
42 86 8
42 87 71
42 88 59
42 89 50
42 90 47
42 91 68
42 92 86
42 93 85
42 94 46
42 95 48
42 96 64
42 97 55
42 98 52
42 99 13
43 44 30
43 45 94
43 46 64
43 47 13
43 48 80
43 49 49
43 50 88
43 51 95
43 52 67
43 53 35
43 54 73
43 55 30
43 56 73
43 57 17
43 58 76
43 59 99
43 60 82
43 61 66
43 62 4
43 63 58
43 64 87
43 65 58
43 66 31
43 67 20
43 68 30
43 69 67
43 70 14
43 71 1
43 72 68
43 73 88
43 74 96
43 75 9
43 76 23
43 77 91
43 78 7
43 79 17
43 80 5
43 81 23
43 82 19
43 83 63
43 84 62
43 85 63
43 86 93
43 87 10
43 88 22
43 89 95
43 90 24
43 91 93
43 92 6
43 93 32
43 94 42
43 95 83
43 96 93
43 97 47
43 98 33
43 99 62
44 45 12
44 46 71
44 47 50
44 48 33
44 49 64
44 50 35
44 51 88
44 52 82
44 53 24
44 54 20
44 55 79
44 56 9
44 57 9
44 58 36
44 59 75
44 60 10
44 61 81
44 62 9
44 63 47
44 64 87
44 65 77
44 66 60
44 67 94
44 68 39
44 69 96
44 70 37
44 71 48
44 72 15
44 73 74
44 74 52
44 75 96
44 76 52
44 77 42
44 78 75
44 79 55
44 80 16
44 81 82
44 82 60
44 83 81
44 84 58
44 85 21
44 86 34
44 87 48
44 88 73
44 89 26
44 90 55
44 91 32
44 92 1
44 93 34
44 94 15
44 95 83
44 96 94
44 97 68
44 98 29
44 99 22
45 46 93
45 47 21
45 48 20
45 49 89
45 50 1
45 51 8
45 52 62
45 53 85
45 54 3
45 55 18
45 56 17
45 57 19
45 58 51
45 59 72
45 60 90
45 61 18
45 62 20
45 63 97
45 64 11
45 65 45
45 66 9
45 67 32
45 68 12
45 69 27
45 70 10
45 71 87
45 72 63
45 73 40
45 74 2
45 75 41
45 76 90
45 77 29
45 78 39
45 79 78
45 80 30
45 81 17
45 82 81
45 83 97
45 84 81
45 85 7
45 86 87
45 87 17
45 88 75
45 89 75
45 90 69
45 91 13
45 92 10
45 93 84
45 94 63
45 95 85
45 96 53
45 97 64
45 98 95
45 99 85
46 47 81
46 48 28
46 49 10
46 50 9
46 51 28
46 52 96
46 53 71
46 54 91
46 55 14
46 56 47
46 57 13
46 58 6
46 59 53
46 60 80
46 61 96
46 62 40
46 63 4
46 64 28
46 65 12
46 66 71
46 67 36
46 68 36
46 69 42
46 70 29
46 71 84
46 72 30
46 73 88
46 74 65
46 75 3
46 76 88
46 77 40
46 78 55
46 79 8
46 80 30
46 81 89
46 82 43
46 83 82
46 84 22
46 85 94
46 86 7
46 87 26
46 88 27
46 89 19
46 90 28
46 91 66
46 92 66
46 93 21
46 94 30
46 95 52
46 96 92
46 97 34
46 98 11
46 99 76
47 48 92
47 49 11
47 50 17
47 51 87
47 52 49
47 53 72
47 54 37
47 55 25
47 56 53
47 57 58
47 58 29
47 59 46
47 60 78
47 61 63
47 62 95
47 63 89
47 64 58
47 65 94
47 66 92
47 67 25
47 68 98
47 69 13
47 70 11
47 71 54
47 72 3
47 73 1
47 74 77
47 75 16
47 76 88
47 77 81
47 78 70
47 79 84
47 80 20
47 81 24
47 82 28
47 83 64
47 84 49
47 85 73
47 86 1
47 87 80
47 88 39
47 89 72
47 90 23
47 91 90
47 92 11
47 93 71
47 94 23
47 95 90
47 96 68
47 97 35
47 98 6
47 99 69
48 49 55
48 50 90
48 51 72
48 52 92
48 53 87
48 54 47
48 55 23
48 56 74
48 57 55
48 58 73
48 59 33
48 60 94
48 61 73
48 62 55
48 63 62
48 64 2
48 65 89
48 66 20
48 67 4
48 68 66
48 69 3
48 70 15
48 71 34
48 72 1
48 73 6
48 74 63
48 75 28
48 76 63
48 77 80
48 78 82
48 79 37
48 80 7
48 81 51
48 82 68
48 83 27
48 84 24
48 85 78
48 86 91
48 87 20
48 88 56
48 89 58
48 90 37
48 91 45
48 92 72
48 93 89
48 94 70
48 95 28
48 96 19
48 97 61
48 98 81
48 99 47
49 50 81
49 51 31
49 52 38
49 53 25
49 54 99
49 55 14
49 56 26
49 57 38
49 58 10
49 59 62
49 60 62
49 61 30
49 62 14
49 63 33
49 64 13
49 65 47
49 66 74
49 67 20
49 68 22
49 69 38
49 70 78
49 71 33
49 72 91
49 73 37
49 74 1
49 75 46
49 76 37
49 77 52
49 78 24
49 79 94
49 80 56
49 81 6
49 82 11
49 83 40
49 84 18
49 85 52
49 86 23
49 87 60
49 88 39
49 89 20
49 90 82
49 91 6
49 92 76
49 93 52
49 94 100
49 95 58
49 96 3
49 97 65
49 98 74
49 99 26
50 51 87
50 52 15
50 53 93
50 54 59
50 55 57
50 56 47
50 57 9
50 58 18
50 59 19
50 60 52
50 61 96
50 62 40
50 63 28
50 64 57
50 65 26
50 66 50
50 67 37
50 68 44
50 69 82
50 70 55
50 71 43
50 72 11
50 73 95
50 74 28
50 75 87
50 76 67
50 77 50
50 78 9
50 79 60
50 80 26
50 81 69
50 82 94
50 83 55
50 84 70
50 85 45
50 86 57
50 87 41
50 88 93
50 89 80
50 90 31
50 91 64
50 92 24
50 93 29
50 94 82
50 95 63
50 96 32
50 97 77
50 98 41
50 99 14
51 52 47
51 53 24
51 54 24
51 55 63
51 56 20
51 57 93
51 58 72
51 59 76
51 60 3
51 61 40
51 62 11
51 63 41
51 64 48
51 65 25
51 66 21
51 67 97
51 68 4
51 69 34
51 70 62
51 71 53
51 72 73
51 73 26
51 74 24
51 75 89
51 76 26
51 77 40
51 78 89
51 79 72
51 80 70
51 81 56
51 82 5
51 83 11
51 84 99
51 85 9
51 86 78
51 87 45
51 88 88
51 89 92
51 90 46
51 91 38
51 92 9
51 93 89
51 94 19
51 95 6
51 96 63
51 97 96
51 98 19
51 99 21
52 53 19
52 54 7
52 55 54
52 56 90
52 57 91
52 58 3
52 59 64
52 60 49
52 61 44
52 62 60
52 63 84
52 64 22
52 65 44
52 66 76
52 67 11
52 68 56
52 69 52
52 70 96
52 71 78
52 72 78
52 73 86
52 74 73
52 75 6
52 76 57
52 77 20
52 78 93
52 79 22
52 80 59
52 81 1
52 82 9
52 83 28
52 84 60
52 85 29
52 86 85
52 87 91
52 88 60
52 89 33
52 90 40
52 91 5
52 92 5
52 93 41
52 94 30
52 95 4
52 96 71
52 97 82
52 98 79
52 99 65
53 54 21
53 55 12
53 56 17
53 57 68
53 58 38
53 59 12
53 60 99
53 61 68
53 62 2
53 63 60
53 64 94
53 65 24
53 66 4
53 67 56
53 68 28
53 69 57
53 70 81
53 71 90
53 72 91
53 73 82
53 74 59
53 75 41
53 76 60
53 77 58
53 78 28
53 79 34
53 80 14
53 81 72
53 82 97
53 83 31
53 84 47
53 85 60
53 86 15
53 87 25
53 88 54
53 89 19
53 90 93
53 91 76
53 92 1
53 93 69
53 94 4
53 95 50
53 96 50
53 97 16
53 98 21
53 99 29
54 55 41
54 56 88
54 57 57
54 58 8
54 59 42
54 60 18
54 61 51
54 62 56
54 63 67
54 64 2
54 65 46
54 66 74
54 67 44
54 68 29
54 69 85
54 70 1
54 71 27
54 72 93
54 73 66
54 74 26
54 75 9
54 76 35
54 77 31
54 78 32
54 79 17
54 80 55
54 81 76
54 82 9
54 83 86
54 84 6
54 85 57
54 86 8
54 87 49
54 88 74
54 89 83
54 90 29
54 91 98
54 92 96
54 93 48
54 94 62
54 95 61
54 96 7
54 97 84
54 98 37
54 99 15
55 56 66
55 57 23
55 58 42
55 59 51
55 60 74
55 61 12
55 62 4
55 63 38
55 64 57
55 65 32
55 66 100
55 67 55
55 68 79
55 69 37
55 70 49
55 71 29
55 72 75
55 73 2
55 74 36
55 75 58
55 76 76
55 77 24
55 78 60
55 79 91
55 80 39
55 81 93
55 82 31
55 83 46
55 84 4
55 85 93
55 86 71
55 87 20
55 88 52
55 89 67
55 90 31
55 91 87
55 92 12
55 93 28
55 94 94
55 95 75
55 96 61
55 97 27
55 98 94
55 99 17
56 57 17
56 58 91
56 59 27
56 60 100
56 61 31
56 62 18
56 63 15
56 64 58
56 65 44
56 66 50
56 67 57
56 68 32
56 69 20
56 70 92
56 71 90
56 72 90
56 73 9
56 74 26
56 75 16
56 76 78
56 77 86
56 78 85
56 79 64
56 80 71
56 81 4
56 82 59
56 83 72
56 84 97
56 85 66
56 86 98
56 87 76
56 88 48
56 89 30
56 90 19
56 91 73
56 92 31
56 93 57
56 94 47
56 95 11
56 96 8
56 97 56
56 98 52
56 99 9
57 58 70
57 59 90
57 60 91
57 61 73
57 62 38
57 63 89
57 64 46
57 65 5
57 66 98
57 67 85
57 68 41
57 69 64
57 70 79
57 71 68
57 72 99
57 73 26
57 74 11
57 75 9
57 76 63
57 77 19
57 78 77
57 79 24
57 80 96
57 81 5
57 82 57
57 83 58
57 84 35
57 85 61
57 86 4
57 87 34
57 88 7
57 89 27
57 90 32
57 91 35
57 92 24
57 93 2
57 94 32
57 95 54
57 96 89
57 97 9
57 98 12
57 99 40
58 59 7
58 60 17
58 61 80
58 62 58
58 63 67
58 64 81
58 65 63
58 66 37
58 67 3
58 68 55
58 69 3
58 70 41
58 71 67
58 72 35
58 73 96
58 74 29
58 75 75
58 76 85
58 77 10
58 78 76
58 79 62
58 80 39
58 81 43
58 82 51
58 83 25
58 84 5
58 85 74
58 86 63
58 87 56
58 88 69
58 89 11
58 90 24
58 91 58
58 92 85
58 93 65
58 94 12
58 95 28
58 96 55
58 97 74
58 98 39
58 99 75
59 60 76
59 61 18
59 62 79
59 63 99
59 64 29
59 65 53
59 66 39
59 67 31
59 68 26
59 69 18
59 70 68
59 71 2
59 72 34
59 73 43
59 74 15
59 75 91
59 76 52
59 77 7
59 78 24
59 79 50
59 80 44
59 81 8
59 82 97
59 83 60
59 84 77
59 85 78
59 86 80
59 87 65
59 88 63
59 89 52
59 90 14
59 91 61
59 92 66
59 93 70
59 94 35
59 95 28
59 96 21
59 97 59
59 98 95
59 99 59
60 61 37
60 62 25
60 63 44
60 64 29
60 65 63
60 66 35
60 67 91
60 68 2
60 69 45
60 70 75
60 71 61
60 72 12
60 73 66
60 74 35
60 75 22
60 76 7
60 77 36
60 78 3
60 79 45
60 80 3
60 81 6
60 82 64
60 83 35
60 84 66
60 85 88
60 86 19
60 87 94
60 88 71
60 89 98
60 90 48
60 91 2
60 92 19
60 93 6
60 94 78
60 95 99
60 96 46
60 97 42
60 98 76
60 99 54
61 62 10
61 63 61
61 64 15
61 65 2
61 66 89
61 67 11
61 68 19
61 69 95
61 70 41
61 71 36
61 72 72
61 73 54
61 74 25
61 75 10
61 76 15
61 77 29
61 78 86
61 79 7
61 80 21
61 81 90
61 82 19
61 83 24
61 84 40
61 85 59
61 86 99
61 87 85
61 88 40
61 89 40
61 90 94
61 91 7
61 92 90
61 93 40
61 94 83
61 95 60
61 96 73
61 97 15
61 98 49
61 99 75
62 63 21
62 64 9
62 65 52
62 66 95
62 67 17
62 68 73
62 69 80
62 70 38
62 71 61
62 72 13
62 73 41
62 74 19
62 75 29
62 76 93
62 77 73
62 78 12
62 79 89
62 80 15
62 81 7
62 82 38
62 83 1
62 84 89
62 85 64
62 86 75
62 87 89
62 88 74
62 89 45
62 90 38
62 91 95
62 92 44
62 93 85
62 94 11
62 95 9
62 96 96
62 97 49
62 98 46
62 99 43
63 64 17
63 65 6
63 66 66
63 67 25
63 68 2
63 69 11
63 70 59
63 71 46
63 72 30
63 73 28
63 74 93
63 75 77
63 76 37
63 77 34
63 78 56
63 79 64
63 80 25
63 81 9
63 82 9
63 83 68
63 84 16
63 85 12
63 86 87
63 87 8
63 88 93
63 89 12
63 90 18
63 91 70
63 92 47
63 93 96
63 94 25
63 95 97
63 96 77
63 97 90
63 98 83
63 99 28
64 65 17
64 66 3
64 67 13
64 68 3
64 69 60
64 70 81
64 71 79
64 72 72
64 73 6
64 74 90
64 75 57
64 76 98
64 77 15
64 78 72
64 79 25
64 80 83
64 81 25
64 82 87
64 83 82
64 84 3
64 85 19
64 86 55
64 87 57
64 88 25
64 89 71
64 90 33
64 91 64
64 92 6
64 93 75
64 94 69
64 95 35
64 96 93
64 97 9
64 98 15
64 99 67
65 66 10
65 67 85
65 68 18
65 69 83
65 70 88
65 71 30
65 72 49
65 73 50
65 74 81
65 75 25
65 76 13
65 77 23
65 78 84
65 79 14
65 80 4
65 81 96
65 82 31
65 83 24
65 84 33
65 85 54
65 86 78
65 87 75
65 88 20
65 89 66
65 90 80
65 91 46
65 92 93
65 93 69
65 94 29
65 95 43
65 96 17
65 97 10
65 98 47
65 99 76
66 67 82
66 68 20
66 69 91
66 70 51
66 71 85
66 72 94
66 73 87
66 74 70
66 75 25
66 76 52
66 77 57
66 78 14
66 79 22
66 80 89
66 81 89
66 82 1
66 83 71
66 84 87
66 85 16
66 86 72
66 87 93
66 88 12
66 89 95
66 90 58
66 91 30
66 92 98
66 93 80
66 94 99
66 95 11
66 96 17
66 97 44
66 98 80
66 99 66
67 68 74
67 69 81
67 70 68
67 71 44
67 72 52
67 73 74
67 74 66
67 75 67
67 76 43
67 77 34
67 78 66
67 79 60
67 80 96
67 81 66
67 82 70
67 83 23
67 84 12
67 85 96
67 86 81
67 87 56
67 88 14
67 89 77
67 90 67
67 91 63
67 92 36
67 93 6
67 94 20
67 95 27
67 96 46
67 97 66
67 98 79
67 99 88
68 69 97
68 70 64
68 71 15
68 72 31
68 73 3
68 74 12
68 75 37
68 76 99
68 77 28
68 78 69
68 79 33
68 80 63
68 81 31
68 82 47
68 83 87
68 84 76
68 85 51
68 86 78
68 87 47
68 88 8
68 89 52
68 90 99
68 91 53
68 92 100
68 93 90
68 94 90
68 95 38
68 96 6
68 97 95
68 98 66
68 99 16
69 70 44
69 71 62
69 72 85
69 73 65
69 74 22
69 75 52
69 76 64
69 77 39
69 78 94
69 79 84
69 80 56
69 81 100
69 82 27
69 83 80
69 84 46
69 85 85
69 86 35
69 87 14
69 88 49
69 89 89
69 90 99
69 91 45
69 92 86
69 93 31
69 94 58
69 95 76
69 96 65
69 97 2
69 98 36
69 99 53
70 71 95
70 72 83
70 73 93
70 74 56
70 75 67
70 76 57
70 77 21
70 78 87
70 79 3
70 80 24
70 81 48
70 82 62
70 83 83
70 84 22
70 85 64
70 86 24
70 87 77
70 88 22
70 89 75
70 90 92
70 91 46
70 92 88
70 93 15
70 94 70
70 95 25
70 96 71
70 97 24
70 98 94
70 99 10
71 72 64
71 73 58
71 74 44
71 75 41
71 76 75
71 77 67
71 78 87
71 79 48
71 80 75
71 81 88
71 82 92
71 83 43
71 84 44
71 85 48
71 86 78
71 87 79
71 88 76
71 89 86
71 90 91
71 91 95
71 92 91
71 93 13
71 94 89
71 95 65
71 96 91
71 97 66
71 98 55
71 99 84
72 73 60
72 74 38
72 75 77
72 76 82
72 77 83
72 78 65
72 79 92
72 80 72
72 81 66
72 82 15
72 83 67
72 84 89
72 85 12
72 86 67
72 87 46
72 88 97
72 89 11
72 90 10
72 91 60
72 92 92
72 93 6
72 94 69
72 95 44
72 96 9
72 97 21
72 98 27
72 99 54
73 74 17
73 75 15
73 76 10
73 77 24
73 78 55
73 79 34
73 80 89
73 81 48
73 82 73
73 83 92
73 84 56
73 85 84
73 86 92
73 87 79
73 88 64
73 89 5
73 90 30
73 91 80
73 92 10
73 93 6
73 94 94
73 95 93
73 96 70
73 97 37
73 98 58
73 99 70
74 75 41
74 76 48
74 77 85
74 78 82
74 79 32
74 80 66
74 81 23
74 82 60
74 83 24
74 84 69
74 85 74
74 86 73
74 87 56
74 88 96
74 89 70
74 90 58
74 91 54
74 92 13
74 93 81
74 94 2
74 95 83
74 96 48
74 97 82
74 98 18
74 99 48
75 76 88
75 77 85
75 78 62
75 79 45
75 80 40
75 81 44
75 82 91
75 83 42
75 84 67
75 85 72
75 86 36
75 87 13
75 88 97
75 89 66
75 90 57
75 91 44
75 92 9
75 93 37
75 94 94
75 95 92
75 96 15
75 97 74
75 98 90
75 99 71
76 77 67
76 78 24
76 79 27
76 80 98
76 81 53
76 82 74
76 83 23
76 84 95
76 85 52
76 86 2
76 87 30
76 88 39
76 89 61
76 90 55
76 91 39
76 92 75
76 93 93
76 94 3
76 95 13
76 96 41
76 97 60
76 98 11
76 99 10
77 78 82
77 79 1
77 80 93
77 81 99
77 82 8
77 83 67
77 84 5
77 85 59
77 86 78
77 87 66
77 88 20
77 89 94
77 90 4
77 91 34
77 92 97
77 93 58
77 94 65
77 95 94
77 96 57
77 97 41
77 98 67
77 99 53
78 79 95
78 80 83
78 81 6
78 82 62
78 83 17
78 84 3
78 85 49
78 86 33
78 87 98
78 88 4
78 89 2
78 90 21
78 91 73
78 92 45
78 93 13
78 94 51
78 95 15
78 96 26
78 97 41
78 98 2
78 99 9
79 80 19
79 81 55
79 82 73
79 83 45
79 84 12
79 85 63
79 86 69
79 87 94
79 88 51
79 89 49
79 90 39
79 91 39
79 92 74
79 93 21
79 94 37
79 95 30
79 96 32
79 97 12
79 98 42
79 99 47
80 81 43
80 82 88
80 83 93
80 84 45
80 85 64
80 86 38
80 87 48
80 88 59
80 89 98
80 90 98
80 91 98
80 92 55
80 93 10
80 94 19
80 95 65
80 96 47
80 97 32
80 98 54
80 99 46
81 82 26
81 83 4
81 84 49
81 85 79
81 86 40
81 87 44
81 88 38
81 89 48
81 90 54
81 91 70
81 92 22
81 93 3
81 94 85
81 95 18
81 96 84
81 97 1
81 98 69
81 99 84
82 83 19
82 84 17
82 85 33
82 86 64
82 87 98
82 88 87
82 89 46
82 90 23
82 91 40
82 92 19
82 93 54
82 94 35
82 95 16
82 96 25
82 97 83
82 98 4
82 99 84
83 84 29
83 85 53
83 86 38
83 87 47
83 88 28
83 89 77
83 90 51
83 91 52
83 92 6
83 93 1
83 94 69
83 95 89
83 96 96
83 97 21
83 98 25
83 99 21
84 85 70
84 86 11
84 87 27
84 88 94
84 89 21
84 90 10
84 91 2
84 92 95
84 93 42
84 94 36
84 95 13
84 96 22
84 97 38
84 98 43
84 99 40
85 86 38
85 87 74
85 88 20
85 89 48
85 90 37
85 91 20
85 92 36
85 93 89
85 94 49
85 95 93
85 96 90
85 97 58
85 98 49
85 99 31
86 87 9
86 88 84
86 89 63
86 90 15
86 91 31
86 92 72
86 93 48
86 94 23
86 95 60
86 96 27
86 97 8
86 98 50
86 99 78
87 88 37
87 89 28
87 90 20
87 91 21
87 92 86
87 93 34
87 94 29
87 95 30
87 96 5
87 97 88
87 98 31
87 99 97
88 89 95
88 90 94
88 91 7
88 92 53
88 93 82
88 94 70
88 95 86
88 96 66
88 97 95
88 98 89
88 99 93
89 90 17
89 91 7
89 92 73
89 93 99
89 94 14
89 95 71
89 96 69
89 97 31
89 98 39
89 99 39
90 91 34
90 92 65
90 93 45
90 94 27
90 95 32
90 96 86
90 97 66
90 98 10
90 99 44
91 92 32
91 93 38
91 94 52
91 95 74
91 96 41
91 97 34
91 98 64
91 99 25
92 93 89
92 94 34
92 95 79
92 96 48
92 97 15
92 98 27
92 99 7
93 94 1
93 95 59
93 96 38
93 97 76
93 98 13
93 99 10
94 95 64
94 96 60
94 97 27
94 98 95
94 99 79
95 96 8
95 97 69
95 98 34
95 99 38
96 97 14
96 98 13
96 99 8
97 98 38
97 99 94
98 99 77
